zoom = 1.0;
rot = -3.39999795;
xoff = 0.3499999642;
yoff = 0.0;
level = 0;
startpos = [ -0.2062898278, -0.5511540174, 0.01034105103, 0.8085176945 ];
startlevel = 0;
roff = -1.149999976;
